TaskID	 arg_wts	 train_split	 train_round	 total_timesteps_each_trace	 gradient_steps	 learning_rate	 thre_for_fix_a	                if_single_env	 assigned_gravity	 total_used_num	 arg_generate_train_trace_num	 total_test_trace_num	 log_interval	 arg_total_trial_num	 arg_reward_weight	 arg_test_param	 arg_exp_type	 arg_ppo_train_time	 arg_use_exist_trace	 arg_exist_trace_id	 exp_id
1	800	0.5	600	1	20	1e-05	-99	                            1	-9.0	24	1	10	                5	3	 -1.0	 20	1	5	0	0	1	
2	800	0.5	600	1	20	1e-05	-99	                            1	-9.0	24	1	10	                5	3	 -1.0	 20	1	5	0	0	2	
3	800	0.5	600	1	20	1e-05	-99	                            1	-9.0	24	1	10	                5	3	 -1.0	 20	1	5	0	0	3	
4	800	0.5	600	1	20	1e-05	-99	                            1	-9.0	24	1	10	                5	3	 -1.0	 20	1	5	0	0	4	
5	800	0.5	600	1	20	1e-05	-99	                            1	-9.0	24	1	10	                5	3	 -1.0	 20	1	5	0	0	5	
6	800	0.5	600	1	20	1e-05	-99	                            1	-9.0	24	1	10	                5	3	 -1.0	 20	1	5	0	0	6	
7	800	0.5	600	1	20	1e-05	-99	                            1	-9.0	24	1	10	                5	3	 -1.0	 20	1	5	0	0	7	
8	800	0.5	600	1	20	1e-05	-99	                            1	-9.0	24	1	10	                5	3	 -1.0	 20	1	5	0	0	8	
9	800	0.5	600	1	20	1e-05	-99	                            1	-9.0	24	1	10	                5	3	 -1.0	 20	1	5	0	0	9	
10	800	0.5	600	1	20	1e-05	-99	                            1	-9.0	24	1	10	                5	3	 -1.0	 20	1	5	0	0	10	
11	800	0.5	600	1	20	1e-05	-99	                            1	-9.0	24	1	10	                5	3	 -1.0	 20	1	5	0	0	11	
12	800	0.5	600	1	20	1e-05	-99	                            1	-9.0	24	1	10	                5	3	 -1.0	 20	1	5	0	0	12	
13	800	0.5	600	1	20	1e-05	-99	                            1	-9.0	24	1	10	                5	3	 -1.0	 20	1	5	0	0	13	
14	800	0.5	600	1	20	1e-05	-99	                            1	-9.0	24	1	10	                5	3	 -1.0	 20	1	5	0	0	14	
15	800	0.5	600	1	20	1e-05	-99	                            1	-9.0	24	1	10	                5	3	 -1.0	 20	1	5	0	0	15	
16	800	0.5	600	1	20	1e-05	-99	                            1	-9.0	24	1	10	                5	3	 -1.0	 20	1	5	0	0	16	
17	800	0.5	600	1	20	1e-05	-99	                            1	-9.0	24	1	10	                5	3	 -1.0	 20	1	5	0	0	17	
18	800	0.5	600	1	20	1e-05	-99	                            1	-9.0	24	1	10	                5	3	 -1.0	 20	1	5	0	0	18	
19	800	0.5	600	1	20	1e-05	-99	                            1	-9.0	24	1	10	                5	3	 -1.0	 20	1	5	0	0	19	
20	800	0.5	600	1	20	1e-05	-99	                            1	-9.0	24	1	10	                5	3	 -1.0	 20	1	5	0	0	20	
21	800	0.5	600	1	20	1e-05	-99	                            1	-9.0	24	1	10	                5	3	 -1.0	 20	1	5	0	0	21	
22	800	0.5	600	1	20	1e-05	-99	                            1	-9.0	24	1	10	                5	3	 -1.0	 20	1	5	0	0	22	
23	800	0.5	600	1	20	1e-05	-99	                            1	-9.0	24	1	10	                5	3	 -1.0	 20	1	5	0	0	23	
24	800	0.5	600	1	20	1e-05	-99	                            1	-9.0	24	1	10	                5	3	 -1.0	 20	1	5	0	0	24	
25	800	0.5	600	1	20	1e-05	-99	                            1	-9.0	24	1	10	                5	3	 -1.0	 20	1	5	0	0	25	
26	800	0.5	600	1	20	1e-05	-99	                            1	-9.0	24	1	10	                5	3	 -1.0	 20	1	5	0	0	26	
27	800	0.5	600	1	20	1e-05	-99	                            1	-9.0	24	1	10	                5	3	 -1.0	 20	1	5	0	0	27	
28	800	0.5	600	1	20	1e-05	-99	                            1	-9.0	24	1	10	                5	3	 -1.0	 20	1	5	0	0	28	
29	800	0.5	600	1	20	1e-05	-99	                            1	-9.0	24	1	10	                5	3	 -1.0	 20	1	5	0	0	29	
30	800	0.5	600	1	20	1e-05	-99	                            1	-9.0	24	1	10	                5	3	 -1.0	 20	1	5	0	0	30	
31	800	0.5	600	1	20	1e-05	-99	                            1	-9.0	24	1	10	                5	3	 -1.0	 20	1	5	0	0	31	
32	800	0.5	600	1	20	1e-05	-99	                            1	-9.0	24	1	10	                5	3	 -1.0	 20	1	5	0	0	32	
33	800	0.5	600	1	20	1e-05	-99	                            1	-9.0	24	1	10	                5	3	 -1.0	 20	1	5	0	0	33	
34	800	0.5	600	1	20	1e-05	-99	                            1	-9.0	24	1	10	                5	3	 -1.0	 20	1	5	0	0	34	
35	800	0.5	600	1	20	1e-05	-99	                            1	-9.0	24	1	10	                5	3	 -1.0	 20	1	5	0	0	35	
36	800	0.5	600	1	20	1e-05	-99	                            1	-9.0	24	1	10	                5	3	 -1.0	 20	1	5	0	0	36	
37	800	0.5	600	1	20	1e-05	-99	                            1	-9.0	24	1	10	                5	3	 -1.0	 20	1	5	0	0	37	
38	800	0.5	600	1	20	1e-05	-99	                            1	-9.0	24	1	10	                5	3	 -1.0	 20	1	5	0	0	38	
39	800	0.5	600	1	20	1e-05	-99	                            1	-9.0	24	1	10	                5	3	 -1.0	 20	1	5	0	0	39	
40	800	0.5	600	1	20	1e-05	-99	                            1	-9.0	24	1	10	                5	3	 -1.0	 20	1	5	0	0	40	
41	800	0.5	600	1	20	1e-05	-99	                            1	-9.0	24	1	10	                5	3	 -1.0	 20	1	5	0	0	41	
42	800	0.5	600	1	20	1e-05	-99	                            1	-9.0	24	1	10	                5	3	 -1.0	 20	1	5	0	0	42	
43	800	0.5	600	1	20	1e-05	-99	                            1	-9.0	24	1	10	                5	3	 -1.0	 20	1	5	0	0	43	
44	800	0.5	600	1	20	1e-05	-99	                            1	-9.0	24	1	10	                5	3	 -1.0	 20	1	5	0	0	44	
45	800	0.5	600	1	20	1e-05	-99	                            1	-9.0	24	1	10	                5	3	 -1.0	 20	1	5	0	0	45	
46	800	0.5	600	1	20	1e-05	-99	                            1	-9.0	24	1	10	                5	3	 -1.0	 20	1	5	0	0	46	
47	800	0.5	600	1	20	1e-05	-99	                            1	-9.0	24	1	10	                5	3	 -1.0	 20	1	5	0	0	47	
48	800	0.5	600	1	20	1e-05	-99	                            1	-9.0	24	1	10	                5	3	 -1.0	 20	1	5	0	0	48	
49	800	0.5	600	1	20	1e-05	-99	                            1	-9.0	24	1	10	                5	3	 -1.0	 20	1	5	0	0	49	
50	800	0.5	600	1	20	1e-05	-99	                            1	-9.0	24	1	10	                5	3	 -1.0	 20	1	5	0	0	50	
51	800	0.5	600	1	20	1e-05	-99	                            1	-9.0	24	1	10	                5	3	 -1.0	 20	1	5	0	0	51	
52	800	0.5	600	1	20	1e-05	-99	                            1	-9.0	24	1	10	                5	3	 -1.0	 20	1	5	0	0	52	
53	800	0.5	600	1	20	1e-05	-99	                            1	-9.0	24	1	10	                5	3	 -1.0	 20	1	5	0	0	53	
54	800	0.5	600	1	20	1e-05	-99	                            1	-9.0	24	1	10	                5	3	 -1.0	 20	1	5	0	0	54	
55	800	0.5	600	1	20	1e-05	-99	                            1	-9.0	24	1	10	                5	3	 -1.0	 20	1	5	0	0	55	
56	800	0.5	600	1	20	1e-05	-99	                            1	-9.0	24	1	10	                5	3	 -1.0	 20	1	5	0	0	56	
57	800	0.5	600	1	20	1e-05	-99	                            1	-9.0	24	1	10	                5	3	 -1.0	 20	1	5	0	0	57	
58	800	0.5	600	1	20	1e-05	-99	                            1	-9.0	24	1	10	                5	3	 -1.0	 20	1	5	0	0	58	
59	800	0.5	600	1	20	1e-05	-99	                            1	-9.0	24	1	10	                5	3	 -1.0	 20	1	5	0	0	59	
60	800	0.5	600	1	20	1e-05	-99	                            1	-9.0	24	1	10	                5	3	 -1.0	 20	1	5	0	0	60	
