TaskID	 arg_wts	 train_split	 train_round	 total_timesteps_each_trace	 gradient_steps	 learning_rate	 thre_for_fix_a	                if_single_env	 assigned_patient_id	 total_used_num	 if_start_state_restrict	 start_state_id	             if_meal_restrict	 arg_total_r_thre	 arg_generate_train_trace_num	 total_test_trace_num	 arg_min_cgm	 log_interval	 arg_total_trial_num	 arg_reward_weight	 arg_test_param	 arg_exp_type	 arg_ppo_train_time	 arg_use_exist_trace	 arg_exist_trace_id	 exp_id
1	20000	0.5	600	1	50	1e-05	-1.0	                            0	7	12	0	0	                0	20.0	1	10	65.0	5	3	-1.0	                20	2	179	0	0	1	
2	20000	0.5	600	1	50	1e-05	-1.0	                            0	7	12	0	0	                0	20.0	1	10	65.0	5	3	-1.0	                20	2	179	0	0	2	
3	20000	0.5	600	1	50	1e-05	-1.0	                            0	7	12	0	0	                0	20.0	1	10	65.0	5	3	-1.0	                20	2	179	0	0	3	
4	20000	0.5	600	1	50	1e-05	-1.0	                            0	7	12	0	0	                0	20.0	1	10	65.0	5	3	-1.0	                20	2	179	0	0	4	
5	20000	0.5	600	1	50	1e-05	-1.0	                            0	7	12	0	0	                0	20.0	1	10	65.0	5	3	-1.0	                20	2	179	0	0	5	
6	20000	0.5	600	1	50	1e-05	-1.0	                            0	7	12	0	0	                0	20.0	1	10	65.0	5	3	-1.0	                20	2	179	0	0	6	
7	20000	0.5	600	1	50	1e-05	-1.0	                            0	7	12	0	0	                0	20.0	1	10	65.0	5	3	-1.0	                20	2	179	0	0	7	
8	20000	0.5	600	1	50	1e-05	-1.0	                            0	7	12	0	0	                0	20.0	1	10	65.0	5	3	-1.0	                20	2	179	0	0	8	
9	20000	0.5	600	1	50	1e-05	-1.0	                            0	7	12	0	0	                0	20.0	1	10	65.0	5	3	-1.0	                20	2	179	0	0	9	
10	20000	0.5	600	1	50	1e-05	-1.0	                            0	7	12	0	0	                0	20.0	1	10	65.0	5	3	-1.0	                20	2	179	0	0	10	
11	20000	0.5	600	1	50	1e-05	-1.0	                            0	7	12	0	0	                0	20.0	1	10	65.0	5	3	-1.0	                20	2	179	0	0	11	
12	20000	0.5	600	1	50	1e-05	-1.0	                            0	7	12	0	0	                0	20.0	1	10	65.0	5	3	-1.0	                20	2	179	0	0	12	
13	20000	0.5	600	1	50	1e-05	-1.0	                            0	7	12	0	0	                0	20.0	1	10	65.0	5	3	-1.0	                20	2	179	0	0	13	
14	20000	0.5	600	1	50	1e-05	-1.0	                            0	7	12	0	0	                0	20.0	1	10	65.0	5	3	-1.0	                20	2	179	0	0	14	
15	20000	0.5	600	1	50	1e-05	-1.0	                            0	7	12	0	0	                0	20.0	1	10	65.0	5	3	-1.0	                20	2	179	0	0	15	
16	20000	0.5	600	1	50	1e-05	-1.0	                            0	7	12	0	0	                0	20.0	1	10	65.0	5	3	-1.0	                20	2	179	0	0	16	
17	20000	0.5	600	1	50	1e-05	-1.0	                            0	7	12	0	0	                0	20.0	1	10	65.0	5	3	-1.0	                20	2	179	0	0	17	
18	20000	0.5	600	1	50	1e-05	-1.0	                            0	7	12	0	0	                0	20.0	1	10	65.0	5	3	-1.0	                20	2	179	0	0	18	
19	20000	0.5	600	1	50	1e-05	-1.0	                            0	7	12	0	0	                0	20.0	1	10	65.0	5	3	-1.0	                20	2	179	0	0	19	
20	20000	0.5	600	1	50	1e-05	-1.0	                            0	7	12	0	0	                0	20.0	1	10	65.0	5	3	-1.0	                20	2	179	0	0	20	
21	20000	0.5	600	1	50	1e-05	-1.0	                            0	7	12	0	0	                0	20.0	1	10	65.0	5	3	-1.0	                20	3	179	0	0	1	
22	20000	0.5	600	1	50	1e-05	-1.0	                            0	7	12	0	0	                0	20.0	1	10	65.0	5	3	-1.0	                20	3	179	0	0	2	
23	20000	0.5	600	1	50	1e-05	-1.0	                            0	7	12	0	0	                0	20.0	1	10	65.0	5	3	-1.0	                20	3	179	0	0	3	
24	20000	0.5	600	1	50	1e-05	-1.0	                            0	7	12	0	0	                0	20.0	1	10	65.0	5	3	-1.0	                20	3	179	0	0	4	
25	20000	0.5	600	1	50	1e-05	-1.0	                            0	7	12	0	0	                0	20.0	1	10	65.0	5	3	-1.0	                20	3	179	0	0	5	
26	20000	0.5	600	1	50	1e-05	-1.0	                            0	7	12	0	0	                0	20.0	1	10	65.0	5	3	-1.0	                20	3	179	0	0	6	
27	20000	0.5	600	1	50	1e-05	-1.0	                            0	7	12	0	0	                0	20.0	1	10	65.0	5	3	-1.0	                20	3	179	0	0	7	
28	20000	0.5	600	1	50	1e-05	-1.0	                            0	7	12	0	0	                0	20.0	1	10	65.0	5	3	-1.0	                20	3	179	0	0	8	
29	20000	0.5	600	1	50	1e-05	-1.0	                            0	7	12	0	0	                0	20.0	1	10	65.0	5	3	-1.0	                20	3	179	0	0	9	
30	20000	0.5	600	1	50	1e-05	-1.0	                            0	7	12	0	0	                0	20.0	1	10	65.0	5	3	-1.0	                20	3	179	0	0	10	
31	20000	0.5	600	1	50	1e-05	-1.0	                            0	7	12	0	0	                0	20.0	1	10	65.0	5	3	-1.0	                20	3	179	0	0	11	
32	20000	0.5	600	1	50	1e-05	-1.0	                            0	7	12	0	0	                0	20.0	1	10	65.0	5	3	-1.0	                20	3	179	0	0	12	
33	20000	0.5	600	1	50	1e-05	-1.0	                            0	7	12	0	0	                0	20.0	1	10	65.0	5	3	-1.0	                20	3	179	0	0	13	
34	20000	0.5	600	1	50	1e-05	-1.0	                            0	7	12	0	0	                0	20.0	1	10	65.0	5	3	-1.0	                20	3	179	0	0	14	
35	20000	0.5	600	1	50	1e-05	-1.0	                            0	7	12	0	0	                0	20.0	1	10	65.0	5	3	-1.0	                20	3	179	0	0	15	
36	20000	0.5	600	1	50	1e-05	-1.0	                            0	7	12	0	0	                0	20.0	1	10	65.0	5	3	-1.0	                20	3	179	0	0	16	
37	20000	0.5	600	1	50	1e-05	-1.0	                            0	7	12	0	0	                0	20.0	1	10	65.0	5	3	-1.0	                20	3	179	0	0	17	
38	20000	0.5	600	1	50	1e-05	-1.0	                            0	7	12	0	0	                0	20.0	1	10	65.0	5	3	-1.0	                20	3	179	0	0	18	
39	20000	0.5	600	1	50	1e-05	-1.0	                            0	7	12	0	0	                0	20.0	1	10	65.0	5	3	-1.0	                20	3	179	0	0	19	
40	20000	0.5	600	1	50	1e-05	-1.0	                            0	7	12	0	0	                0	20.0	1	10	65.0	5	3	-1.0	                20	3	179	0	0	20	
